{
 "cells": [
  {
   "cell_type": "markdown",
   "metadata": {},
   "source": [
    "Testing Playground"
   ]
  },
  {
   "cell_type": "code",
   "execution_count": 1,
   "metadata": {},
   "outputs": [],
   "source": [
    "%load_ext autoreload\n",
    "%autoreload 2\n",
    "%matplotlib inline\n",
    "import pickle\n",
    "import numpy as np\n",
    "from matplotlib import pyplot as plt\n",
    "from universal_portfolio import universal_portfolio\n",
    "from ftl import ftl\n",
    "from ftrl import ftrl"
   ]
  },
  {
   "cell_type": "code",
   "execution_count": 28,
   "metadata": {},
   "outputs": [],
   "source": [
    "# intialization\n",
    "dict = pickle.load(open('../data/stock_data.pickle', 'rb'))\n",
    "stock_tickers = ['GOOGL', 'NKE', 'AAPL', 'C', 'GS', 'QCOM', 'FB', 'TSLA', 'DD', 'NFLX']\n",
    "n = len(stock_tickers)\n",
    "data = []\n",
    "prev_price = [dict[i]['price'][0] for i in stock_tickers]\n",
    "for j in range(len(dict['GOOGL']['price'])):\n",
    "    curr_time_step = []\n",
    "    for i in range(n):\n",
    "        stock = stock_tickers[i]\n",
    "        curr_time_step.append(dict[stock]['price'][j] / prev_price[i])\n",
    "        prev_price[i] = dict[stock]['price'][j]\n",
    "    data.append(curr_time_step)\n",
    "data = np.array(data)\n",
    "# data = np.array([[2,0.5],[0.5,2],[2,0.5],[0.5,2],[2,0.5],[0.5,2]])\n",
    "up = universal_portfolio(n)\n",
    "follow_leader = ftl(n)\n",
    "follow_regularized = ftrl(n, 10)"
   ]
  },
  {
   "cell_type": "code",
   "execution_count": 30,
   "metadata": {},
   "outputs": [],
   "source": [
    "up_performance = up.ingest(data)\n",
    "ftl_performance = follow_leader.ingest(data)\n",
    "ftrl_performance = follow_regularized.ingest(data)"
   ]
  },
  {
   "cell_type": "code",
   "execution_count": 31,
   "metadata": {},
   "outputs": [
    {
     "name": "stdout",
     "output_type": "stream",
     "text": [
      "wealth growth: [1, 0.9999999999999999, 1.0101645165850153, 0.9989689227559825, 1.0091426600492788, 1.0064878518124436, 1.0350286410436254, 1.0524318351611504, 1.0539003137918428, 1.055235320074296, 1.0597786653098362, 1.0708697313380795, 1.0487033719325916, 1.0684134334314994, 1.0675150171223848, 1.0505763511581776, 1.0560799655881448, 1.0891281048019232, 1.1023736885749853, 1.1165309193969282, 1.0991036623940802, 1.1242895854801873, 1.1347688063168118, 1.1376427440932584, 1.1249985945209562, 1.1414540600353766, 1.1354447482810046, 1.1260287786065613, 1.160468032405887, 1.1787760520336747, 1.178784408622618, 1.191348441127902, 1.1744844470503528, 1.1744844470503482, 1.18654043844705, 1.1735923594715587, 1.1860119790576453, 1.183019109745171, 1.216553327388156, 1.2369537417912015, 1.2387472201756746, 1.2401743598908033, 1.2453946847972872, 1.258522832095507, 1.2325820262032248, 1.255878865505897, 1.254861755972305, 1.2350915769406536, 1.2415210755845745, 1.2805442338814386, 1.2960417884994817, 1.3128188915255588, 1.2922808540250386, 1.3220501286692459, 1.3344607415367278, 1.3376646350940453, 1.3228887877021338, 1.3423999434086475, 1.3351747298603962, 1.3239993325331378, 1.3645664848382646, 1.3863896920257073, 1.3866169366313414, 1.4016029537572123, 1.3817588618674619, 1.3598524836745234, 1.3643355681421003, 1.3651084728673075, 1.3311462165959906, 1.382468389204644, 1.3754095141670009, 1.374191525367063, 1.4159644112085221, 1.4078997425411308, 1.4094264985326599, 1.431793386801061, 1.4547342271295374, 1.447469787553685, 1.4609665064713548, 1.4793825099215823, 1.4652591996773283, 1.4775070633086436, 1.510614373210228, 1.5037108104900614, 1.4812127353500593, 1.5396616398443164, 1.5592387324680215, 1.5858098457243628, 1.6453241934942298, 1.590264672194844, 1.5124309517142467, 1.5977353927152322, 1.6219777233650277, 1.5887364770611447, 1.642188904530496, 1.602736117389836, 1.476236707100639, 1.4736353584259467, 1.4806713472823385, 1.5303356692563552, 1.5139413890664815, 1.4990646217870676, 1.5253877297822687, 1.5837597498431308, 1.5637910680829583, 1.5839977086188577, 1.6062249554319243, 1.640988998356643, 1.6750078827866877, 1.6619710372325496, 1.6470464775492202, 1.6513690913501131, 1.672530809989645, 1.6634444795295824, 1.6585501685366268, 1.7046156923221831, 1.711238944813991, 1.6711470928549355, 1.721597736199138, 1.7341604796723438, 1.67208317891148, 1.7149751392080022, 1.727632975547568, 1.6949209718926972, 1.657080732319508, 1.5891828361255476, 1.5833283904716415, 1.5501310905494208, 1.6056360973680406, 1.5782626170563028, 1.5345815053399439, 1.442930159515816, 1.5238805101577477, 1.4525780251863334, 1.4481952093379649, 1.3414289127284886, 1.3937199359871408, 1.4373065418940798, 1.4912053853742555, 1.5370712823199553, 1.522565647267541, 1.5421168660369042, 1.537086512079998, 1.5692857583886966, 1.5686289933305908, 1.5794750025547966, 1.5668178421894152, 1.6060273200477573, 1.5749407986261488, 1.5879179858603214, 1.6390013758721815, 1.6484614034179426, 1.7339387052847444, 1.7409223333817996, 1.752748806980738, 1.6712757106481695, 1.6181618183709237, 1.5463909701096858, 1.5027892336061786, 1.5347071264669132, 1.5536606991136594, 1.6085679467548035, 1.6201602026650992, 1.6585601396935519, 1.6735578678966119, 1.640943097459411, 1.6698906899610426, 1.5986309922204276, 1.5870737834382491, 1.5553254672795263, 1.5261011493232, 1.5880076743746043, 1.6139683736626276, 1.6654288891406202, 1.6324124552617254, 1.6225908573549994, 1.6181162769560862, 1.647128121468495, 1.6616899355396726, 1.7343940355853988, 1.7621209534500155, 1.8211996250634954, 1.8287049209699113, 1.808743430032066, 1.8158914152093462, 1.8316015137747301, 1.8514908999189024, 1.927146983988048, 1.9519095803030193, 1.9556741400526925, 2.0062427636968256, 2.0795269426615612, 2.066215643039947, 2.0062006545937705, 2.1030366635120843, 2.152518588490793, 2.1361265290032097, 1.8638304208157712, 1.8418741796319762, 1.661947022929224, 1.4013951109913418, 1.5612725862298702, 1.4906635090959874, 1.7214002220198519, 1.8272704456819768, 1.8285040091332234, 1.8579915541948666, 1.9745339481710664, 1.9164975384921326, 1.9983736505275993, 2.053402710387078, 2.199331454500802, 2.12965795743044, 2.198893522502833, 2.1178245605307198, 2.2744493286573664, 2.42506082840613, 2.3876868118858434, 2.337742438500616, 2.429108216910095, 2.5127574859397264, 2.583358326215449, 2.665965443723405, 2.7953375660472735, 2.7559741719333912, 2.642578450477014, 2.6022378655880556, 2.598098295080054, 2.646811740672502, 2.771748115925372, 2.7783680840292346, 2.774339461610997, 2.625564288668393, 2.8581971810064593, 2.8807778087166906, 2.9679639533613655, 3.100608423950015, 3.1987440584429225, 3.1704328909147885, 3.2766158657824946, 3.2835433478923015, 3.366247462787751, 3.5582219831197186, 3.473187578400281, 3.6034756242169146, 3.4317394322806427, 3.593194663267513, 3.580489571423318, 3.5321184906327714, 3.4079073302936305, 3.4026940106851544, 3.536003969176708, 3.5127904132835424, 3.46655252120759, 3.5675517324443917, 3.662153576572136, 3.699851669876376, 3.635065182402753, 3.688062842969519, 3.7302115065171426, 3.629581732931771, 3.6253105159491064, 3.715002681398798, 3.724189933946307, 3.6951953030237283, 3.6068685719383082, 3.809661680224954, 3.899422785820828, 3.8835903626351462, 3.8354680672521066, 3.908817097460443, 3.9530477551210055, 4.026418200396697, 4.0806509109251206, 3.9968536482302146, 4.119206264832974, 4.134821492782617, 4.092048641347457, 4.014498764041933, 4.004496349426492, 3.9522787543230846, 4.000210241262012, 4.080511738726275, 4.161401682360343, 4.303826444043725, 4.516152322249296, 4.458216951630401, 4.57204695936553, 4.4304641417116395, 4.501541893700193]\n",
      "stock allocation: [[0.1, 0.1, 0.1, 0.1, 0.1, 0.1, 0.1, 0.1, 0.1, 0.1], [0.1, 0.1, 0.1, 0.1, 0.1, 0.1, 0.1, 0.1, 0.1, 0.1], [0.1007559541409415, 0.10102945624804655, 0.09968236108090847, 0.10079276572273196, 0.09966849508278315, 0.09935922181938849, 0.09959478811480033, 0.10016942079760774, 0.09960017434370462, 0.09934736264908713], [0.10047302550195017, 0.0989120278067229, 0.09942585070736681, 0.10083268304000077, 0.0997461320753937, 0.09969445541975444, 0.10096990006395597, 0.10026928448916748, 0.10039707460260754, 0.09927956629307802], [0.10097195403421033, 0.09972418164454656, 0.10024703148521219, 0.1000988075535002, 0.09955950415542716, 0.100613764480192, 0.10071524474573951, 0.0996344776783257, 0.09923061667207107, 0.09920441755077362], [0.09991980139201477, 0.09979416433123212, 0.09950799928989598, 0.09955922173379031, 0.10028502085324516, 0.09951698686305031, 0.10022788455840291, 0.09991270598398387, 0.1008955397795989, 0.10038067521477806], [0.09948294380245044, 0.10053445736703544, 0.1003593718488691, 0.09982826756129735, 0.09924665303768786, 0.09881971384787748, 0.09958487884712622, 0.10092613465786177, 0.10000837486010704, 0.10120920416968861], [0.09934708928195386, 0.10081205628207272, 0.10052998842252078, 0.09965171723195955, 0.09967077906119454, 0.09919890365733648, 0.1002633321445767, 0.10041147769245508, 0.09979526261457554, 0.10031939361135962], [0.1000276251576759, 0.09965463728976515, 0.09951357969916506, 0.10045035894034654, 0.10036648299915814, 0.09907447231634538, 0.10038910147426602, 0.1008918779793392, 0.10001399639696053, 0.09961786774697763], [0.10003500168642988, 0.10036369599078244, 0.10042193136660915, 0.10040554412307173, 0.09985768386874389, 0.0989952681383729, 0.0992061053099905, 0.09970149117509294, 0.10139349406063354, 0.09961978428027121], [0.1000254730915082, 0.10061935601545087, 0.0996326205575829, 0.09981356676505304, 0.09943509076380844, 0.099032267037051, 0.0999807702233486, 0.10022530412831791, 0.10080853929370348, 0.10042701212418167], [0.09957649097674652, 0.09912613634241758, 0.10093121311702045, 0.09933151390196238, 0.09966688601017899, 0.09976523347563263, 0.09990492819103104, 0.10086856866944233, 0.10040041335990153, 0.10042861595567094], [0.09950602388124175, 0.0998549068681832, 0.1005655259758601, 0.10008744432105904, 0.10026993943375416, 0.10072332914743883, 0.10098203201507872, 0.09964507270781658, 0.09905485030911555, 0.09931087534044898], [0.10043505009345047, 0.10049055255678063, 0.10098781689526447, 0.0986862288625921, 0.10000276148067312, 0.09883311785619239, 0.10078650026779438, 0.10039678848719497, 0.10071715295982069, 0.09866403054023658], [0.09910819851516754, 0.10106921989317984, 0.10023348734417349, 0.09988377939269318, 0.09934103884031102, 0.0978473209831184, 0.10080114353787109, 0.10108256009684256, 0.1002095481890009, 0.10042370320763537], [0.09994446592846033, 0.09961578025176157, 0.1001815007168579, 0.09946464374540809, 0.0994049481766391, 0.09954693321418284, 0.10063376525220326, 0.10127191599176646, 0.10005890197769458, 0.09987714474503187], [0.1005285831726873, 0.10044784896028026, 0.0997696920043664, 0.09955311368517353, 0.09906818711198011, 0.09825245132245554, 0.1001078966634758, 0.10103666039546358, 0.1011684624768595, 0.1000671042072568], [0.09930139649504909, 0.10028068115122443, 0.10036690327907256, 0.09992111921279036, 0.09954260758074561, 0.09977942486672634, 0.10072120543404722, 0.10071849439036484, 0.09994534995042327, 0.09942281763955857], [0.10006934238084804, 0.09905107548234937, 0.10026367471182732, 0.09930603513063632, 0.09967038072345404, 0.09889605832513569, 0.10096199525319138, 0.10044646997800337, 0.09980574011754519, 0.10152922789701167], [0.10027999593627722, 0.09961052638107713, 0.10034893533888081, 0.09855085898478967, 0.10000299844577668, 0.0993908039925905, 0.09981801320531851, 0.10072666964967388, 0.10027726256315098, 0.10099393550245685], [0.0993853814052912, 0.09995329859011207, 0.10046581605592109, 0.09992647116164413, 0.09844465630849679, 0.099526275427307, 0.10066086660880473, 0.10144938951171639, 0.10002590490999053, 0.10016194002071362], [0.09908921625872201, 0.09995328145476574, 0.10157603853595751, 0.09835163537827213, 0.10107747901985749, 0.09899508608839609, 0.09977862619412566, 0.10007855073703996, 0.1004754760638307, 0.10062461026903584], [0.09945881949896324, 0.09998005678539075, 0.10064769626729264, 0.09948733326392524, 0.0991193837397373, 0.09913579709887532, 0.10140324951632354, 0.10103296942525704, 0.09986716436783984, 0.09986753003639204], [0.1000454406289816, 0.09923375674705111, 0.10076041434123649, 0.10061049639548553, 0.09906263705028474, 0.09874237465030565, 0.10040204270734603, 0.10241863121681989, 0.09917260636376335, 0.09955159989872421], [0.09932691382171707, 0.09855904263646406, 0.10173609563112378, 0.10030224111043048, 0.0996754437006498, 0.1001959246757113, 0.10057771687326095, 0.10002910283338336, 0.09976133742365115, 0.09983618129360562], [0.10062936810027917, 0.09962862583950789, 0.10052596583898579, 0.09888079197452272, 0.09866260256312163, 0.09876818400840433, 0.09977589097923849, 0.10208644897152029, 0.10094687390634405, 0.10009524781807204], [0.10066087977787491, 0.09971759874448334, 0.10048335855071751, 0.09953763829215458, 0.09921062087849522, 0.09940488769588393, 0.09966468291318778, 0.10132898625141822, 0.0997990416338961, 0.10019230526188502], [0.10014557534264863, 0.09994524380279174, 0.10067314880530707, 0.0998999106248491, 0.09931312527256496, 0.09883988766446594, 0.09930497142441662, 0.10172226748283703, 0.09986178743261837, 0.10029408214750393], [0.10018480228200098, 0.10008555238805866, 0.10070246737479173, 0.09955359825590408, 0.09841416571435609, 0.09872150788821575, 0.10172718801604916, 0.10122663393923777, 0.09973196406615537, 0.0996521200752305], [0.09968742993815162, 0.09974386574481002, 0.10016224674785214, 0.10006587981253971, 0.0995731559705867, 0.09908735349200389, 0.10028066463695372, 0.10067532761672214, 0.10048474813730644, 0.10023932790307495], [0.10025889703372826, 0.1003688066743527, 0.10091924526640883, 0.10057254947323635, 0.09885513594751279, 0.09814991303980238, 0.09931074382041478, 0.1012694349224691, 0.09952844470876276, 0.1007668291133107], [0.09983410594358474, 0.09941873715172125, 0.09942137191126568, 0.09972803710516041, 0.09869550993014069, 0.09875974163632753, 0.10149407358115659, 0.10136518201110324, 0.09962068522217239, 0.10166255550736678], [0.09966181111475633, 0.1009418426843541, 0.10037818765435542, 0.0999592446621317, 0.09883253768675004, 0.09844332489213965, 0.10111300247120104, 0.10081697690076087, 0.09982084405317086, 0.10003222788037604], [0.09966181111475633, 0.1009418426843541, 0.10037818765435542, 0.0999592446621317, 0.09883253768675004, 0.09844332489213965, 0.10111300247120104, 0.10081697690076087, 0.09982084405317086, 0.10003222788037604], [0.10083418930274557, 0.0995161638915898, 0.10015564695234427, 0.10110105065947686, 0.09827441604343963, 0.09782963515052118, 0.10064245918181243, 0.10072593786592514, 0.09973866866612557, 0.10118183228601645], [0.09953857610058751, 0.09957157654939151, 0.10065174294042639, 0.0998402086924717, 0.0992554168162976, 0.09974825281126373, 0.1005181438517762, 0.10133994914763661, 0.0994182550355081, 0.10011787805464255], [0.10020222494131781, 0.0999732565633981, 0.10039281412272211, 0.10066824709035727, 0.09865882655684217, 0.09835288695993674, 0.10045506341647002, 0.10052495366977915, 0.09992203143282281, 0.10084969524635244], [0.09954064964983374, 0.09920786257916703, 0.10058279890125812, 0.10001763553681386, 0.09937469402723594, 0.0977807734530353, 0.10067657990622542, 0.10215037609136432, 0.09908025805532665, 0.10158837179973787], [0.09935436863655317, 0.0987401074971164, 0.10185668499801578, 0.09932931750398588, 0.09860305271585092, 0.09897572470787529, 0.10064108937275552, 0.10176678088575465, 0.0994340137507179, 0.1012988599313692], [0.09966507280428936, 0.09943020092747963, 0.10208965617179425, 0.09920291957947446, 0.09846277985327641, 0.09874054910336469, 0.10075320561381947, 0.10134325229100359, 0.09961567698607872, 0.10069668666941455], [0.10058054896446794, 0.09991982242925075, 0.10134346997589526, 0.09979743189059712, 0.098660296288908, 0.0973913387361215, 0.10116133891340717, 0.10081133826699332, 0.10048374364214244, 0.09985067089222069], [0.10039006926231703, 0.09994500773747259, 0.100735543551481, 0.09856383824835711, 0.09841441766046508, 0.09722768556603913, 0.10107465242201383, 0.10162659403669834, 0.10097955183431581, 0.10104263968083618], [0.10061082083800621, 0.09980633012713573, 0.10077041798830551, 0.1003324703814734, 0.09861248543324673, 0.09708460978413397, 0.10003866260456369, 0.10156379513720327, 0.09947907025655052, 0.10170133744937854], [0.0988844787213852, 0.09917550786938663, 0.10148401663667363, 0.10022860035939463, 0.09901748435119369, 0.09733421217966635, 0.10113999857213786, 0.10107411215630452, 0.10078350389054959, 0.10087808526330515], [0.0995136858381432, 0.09918843072451392, 0.10054556041176511, 0.09935649468258424, 0.09873631924528438, 0.09907077841851565, 0.10078780138281829, 0.10068172750659976, 0.10065193254579002, 0.10146726924398311], [0.09976822642240908, 0.09986185004252764, 0.1009584803641461, 0.10005537105644749, 0.09897158849658234, 0.0975203210607276, 0.10103696407210966, 0.10062538415901169, 0.10091434167837242, 0.10028747264766474], [0.10038335940008906, 0.1005329553443447, 0.10040833544657907, 0.09849227823116335, 0.09856405256731741, 0.09886801587860741, 0.10172027226716217, 0.10139470444786945, 0.09972169562903137, 0.09991433078783268], [0.10050424803050884, 0.09925398123730199, 0.10102469724161094, 0.09905269909860456, 0.09871262657233523, 0.09793452015152691, 0.10045183993969123, 0.10232127168687044, 0.10010902166946493, 0.1006350943720851], [0.09883836450990258, 0.09968535359192031, 0.10084050510618742, 0.10003264451798016, 0.09903582761286672, 0.09801183956815532, 0.10040136214197348, 0.10144988701531225, 0.100660925125837, 0.10104329080986993], [0.0995826352747256, 0.09929319522586252, 0.10041245511658194, 0.09913642423141308, 0.09819948629036777, 0.09766266488438373, 0.10148895847570548, 0.10283178043539687, 0.10000122147799666, 0.10139117858756429], [0.10063055457725009, 0.09940582421809803, 0.10036374737200757, 0.10019064953448466, 0.09776318842247883, 0.09844380391722819, 0.10106921885013095, 0.10169285757284575, 0.09992042186436437, 0.1005197336711093], [0.09968091258563005, 0.09936050737400433, 0.10155666386620889, 0.10023533641592738, 0.09895068726399292, 0.09724162845269221, 0.10056851836657428, 0.10158664972579867, 0.10066521160794331, 0.10015388434122476], [0.10009189978501193, 0.09852482267418565, 0.10060509779413913, 0.10061849092902249, 0.0985479591941107, 0.09785642237750548, 0.10138297818090886, 0.10107433450645963, 0.09965183883948725, 0.1016461557191662], [0.10135750252864946, 0.0991505250787596, 0.10044234591262285, 0.09941888157020023, 0.09866169066419955, 0.09768445931108667, 0.10057448013322996, 0.10164193182489735, 0.0993767239661691, 0.10169145901018617], [0.09987156121712769, 0.09984886806337125, 0.1023107245309861, 0.09982511942598926, 0.09807164190991771, 0.09772397612179358, 0.10032810762611682, 0.10173765121417644, 0.10004418636904178, 0.10023816352147691], [0.09931578794770318, 0.09936969614677763, 0.10114244046793983, 0.0992947472623962, 0.09740419298312987, 0.09843453310359164, 0.10150631385132035, 0.10316770192751089, 0.09999590680956613, 0.10036867950006281], [0.1000523131925905, 0.09835367519377367, 0.10093765126674901, 0.09927812528477269, 0.09885107487588289, 0.09800808863295567, 0.10112241668613267, 0.10191865899245782, 0.09978897107081283, 0.10168902480387379], [0.09998684942949014, 0.09895553622580425, 0.10119985089699551, 0.09883746824545796, 0.09822649078444394, 0.09807013216763272, 0.10021215332935936, 0.10389748885143496, 0.0994871558436993, 0.10112687422567943], [0.09955100480620055, 0.09870976860471807, 0.1009275675642388, 0.09956364869380979, 0.09925458953759436, 0.09870407405076366, 0.10105305297194124, 0.10201163407139122, 0.09995531299097009, 0.10026934670837706], [0.09950179420729334, 0.10060491987862924, 0.10136269021984728, 0.0991302853280725, 0.09947476154277433, 0.09725076117558983, 0.10041101440711311, 0.10204482083091101, 0.09930083046797407, 0.10091812194179407], [0.09991214871616569, 0.099209559131521, 0.09986904302440662, 0.09993104280106338, 0.09872097145370279, 0.09817075837007039, 0.10131185030547456, 0.10182004252440278, 0.10011608714743117, 0.10093849652576077], [0.10000048590471632, 0.0988485731636758, 0.10061610245309426, 0.09989519026230505, 0.09809376128288201, 0.09864710511039593, 0.1008279260104897, 0.1023687813392239, 0.0996551999787097, 0.10104687449450525], [0.09934195569422571, 0.09902235911013228, 0.10037669519377133, 0.10021664663406338, 0.09800527226548449, 0.09742493316320265, 0.10126404964356156, 0.10205522151929243, 0.10123309835476596, 0.10105976842149858], [0.09978669025716586, 0.09934917990768878, 0.10066617678894102, 0.10041298228529642, 0.09840000433760475, 0.09716123845289323, 0.10204605919366051, 0.10220438612556847, 0.09920185788149352, 0.10077142476968841], [0.10016372189561182, 0.0997662863170252, 0.1011720680326693, 0.09972520322686301, 0.09806992562663179, 0.09768571434878236, 0.10060424955371851, 0.10200416720360544, 0.09971970789560115, 0.10108895589949365], [0.1003721602206187, 0.09998461634896363, 0.10118883478322009, 0.09843066271209643, 0.09892409148784277, 0.09696139646236046, 0.10087967690308752, 0.10250686122696205, 0.09959626937709139, 0.1011554304777523], [0.09934479538535075, 0.10044736683576665, 0.1011942899868068, 0.09978919929330826, 0.09846426106441192, 0.09634168807802537, 0.10130840326285342, 0.10310678388772157, 0.10012565254980989, 0.09987755965594207], [0.10031266290799251, 0.09859954840620762, 0.10117084321049817, 0.09985817345421553, 0.0987670414512967, 0.097191826136785, 0.10080217294006229, 0.10229649442402568, 0.10008932498963394, 0.10091191207928266], [0.10091814345728634, 0.1004365322023312, 0.10073465458016735, 0.09863539999289529, 0.09726182455527703, 0.09772410626263561, 0.10144221375776172, 0.10220170383386808, 0.09862349721780021, 0.10202192413997864], [0.10064045123307834, 0.09858019486446817, 0.10116228467911174, 0.10050648641019343, 0.09871000937866055, 0.0975989327021684, 0.10152192362825248, 0.10174302594528727, 0.09946174633504049, 0.10007494482373842], [0.09899913622826498, 0.09906896334372413, 0.10120010412496469, 0.09957182534767427, 0.09832247111140566, 0.09734000223597787, 0.10171458030166565, 0.10261412405752066, 0.09973392840991598, 0.10143486483888356], [0.09927920608068773, 0.0992715287140882, 0.10074772867161295, 0.09976693530015203, 0.09923716216167772, 0.09616171727611046, 0.1013105059634142, 0.10338514751889256, 0.09921003773482698, 0.10163003057853534], [0.10009933210099498, 0.09963472448756835, 0.10169206471951518, 0.09928423602431473, 0.0976068921337306, 0.0982441568566273, 0.10176698341161546, 0.10183610906015417, 0.09873343785400335, 0.10110206335147709], [0.09829256177524365, 0.0989598863591583, 0.10044408322940436, 0.09932373122450826, 0.09928769188147615, 0.09775492177983262, 0.10171971824591382, 0.1028974019661754, 0.09897033120678395, 0.10234967233150441], [0.10025117848917799, 0.10043924250761894, 0.10121616620877899, 0.10062463813347568, 0.0982902050848386, 0.09751054958166909, 0.10007335005342877, 0.10120930543813945, 0.09916757110595219, 0.10121779339692076], [0.10019530404659772, 0.09926225000840895, 0.10039432528000616, 0.0997698625184441, 0.09795626015740676, 0.09692991495165088, 0.10097014849416325, 0.10236196264571536, 0.1009091480827396, 0.10125082381486851], [0.09912623882427551, 0.09882538667916087, 0.10065844756458309, 0.10009524077523031, 0.09855301537801596, 0.09841984191283759, 0.10179290249043928, 0.10263479678486973, 0.09847982360712644, 0.10141430598345838], [0.09972275821829663, 0.09967772118275606, 0.10063510670593027, 0.10048667261276226, 0.09772713970926407, 0.09798866616808584, 0.10143810517015131, 0.10223124821611153, 0.09918683059408775, 0.10090575142254761], [0.09966482767812393, 0.10064611548733085, 0.10075709642921174, 0.10070588170851624, 0.09825479787598312, 0.0974736359614564, 0.10160636506813124, 0.1018878203229021, 0.09876275433529878, 0.10024070513304557], [0.10060350018247904, 0.09986302408170793, 0.10098354541085441, 0.1002017105915799, 0.09851636577397559, 0.09760279800948211, 0.10066944956752434, 0.10145258012304119, 0.09948606123111825, 0.10062096502823505], [0.10020904279767336, 0.0993949281056152, 0.10124376551836332, 0.0998201469109564, 0.09780945178350203, 0.09888308041828076, 0.10103118481956087, 0.10111603236521625, 0.09860139743922178, 0.10189096984160874], [0.09843528640478397, 0.1000783475061188, 0.10151547480389268, 0.10000276567655052, 0.09880789804646685, 0.09763112057227546, 0.10194977258706617, 0.10247367803768041, 0.09792576442133183, 0.10117989194382974], [0.10009168188843204, 0.09952912844530463, 0.1024122637147832, 0.10011398231646684, 0.09871838602858315, 0.09820242164070409, 0.10123168703165791, 0.10089300945038858, 0.09836551315915097, 0.10044192632452525], [0.09950473458315877, 0.09976808330987917, 0.10135195619928244, 0.1001024461883206, 0.09877921865704203, 0.09760104407190083, 0.10146611411789938, 0.10152781268406397, 0.09898968126990829, 0.10090890891854098], [0.1000036625065633, 0.0996755130325242, 0.10148893666853792, 0.10041855263284159, 0.09919933306630463, 0.0977727752281237, 0.10081746442280619, 0.10135853418704127, 0.09825504766689634, 0.1010101805883556], [0.09989923818563089, 0.09943293916879833, 0.10225232536832499, 0.10094717854210958, 0.09798059605764928, 0.09808955595728475, 0.10085230955873385, 0.1017273514572461, 0.09780102315239426, 0.1010174825518302], [0.09992153081367816, 0.09881898772383421, 0.10111499684032264, 0.10014820640768324, 0.09845522678084513, 0.0986966855149059, 0.10034589729683371, 0.1013445744922541, 0.09858775631081144, 0.10256613781883268], [0.09979804016214426, 0.0989461675388247, 0.10166438400557741, 0.09940664229147567, 0.0974977227494071, 0.09735311170797946, 0.10102677445514548, 0.10256808988100866, 0.09972816026780897, 0.10201090694062848], [0.10040655186090398, 0.10013837813803769, 0.10064304598916243, 0.10032104161128626, 0.098515433572117, 0.09795508634969942, 0.10122123366797013, 0.10123965518333132, 0.09928422438201866, 0.10027534924547087], [0.09958529233190502, 0.09896255974740842, 0.10224747228455142, 0.09989001999624138, 0.09841347124316105, 0.09718849779108306, 0.10159144748625111, 0.10132287369812101, 0.09851777816756185, 0.10228058725371855], [0.1001383069429992, 0.09961947751941712, 0.10052831037252288, 0.10021286294720787, 0.09876095544686417, 0.09821902608455632, 0.1012081325787419, 0.10128461455157757, 0.097743664048757, 0.10228464950735515], [0.09924039311441525, 0.10044126801947532, 0.10106021821739974, 0.09992445590941702, 0.09901328897949585, 0.09713780249180089, 0.10170603232538483, 0.10207710105309883, 0.09831206115709441, 0.10108737873242009], [0.10092331786543145, 0.10043576557873875, 0.10069064206516098, 0.09992309153106246, 0.09808314133571472, 0.09755263856413945, 0.09999996291004497, 0.10098947378679762, 0.09860585528809115, 0.10279611107481706], [0.10040356855214035, 0.09873901775591087, 0.1018019572795395, 0.10030571885467479, 0.0982400698484455, 0.0966171211050654, 0.10022583268382737, 0.10224003152547295, 0.09898145686870564, 0.10244522552622122], [0.09950614166477706, 0.10006744245551705, 0.10177120871176727, 0.09819905893898624, 0.09755254352194823, 0.0979557483921935, 0.10056486674581029, 0.10211161308966003, 0.09965932976698554, 0.10261204671235698], [0.1008683940975437, 0.09880317096221466, 0.10011895804743456, 0.09937859451347575, 0.09940289892203778, 0.09621295340578788, 0.10127578510468771, 0.10230259541931015, 0.09880568516056538, 0.10283096436694461], [0.09990352628055679, 0.09804300263248057, 0.10210279618946715, 0.10089770391736957, 0.09895319271665955, 0.09764903926003433, 0.10019446354171398, 0.10207504000192616, 0.09862693046426177, 0.10155430499553326], [0.1000616274015512, 0.0991878065211751, 0.10081377261567827, 0.09908644690888978, 0.09854457979307508, 0.09786674351808, 0.10065820356477564, 0.10140881151296735, 0.09857334957860166, 0.10379865858520759], [0.10149048671887828, 0.10039241173234169, 0.1017700317815228, 0.0991526260578644, 0.09856721862949637, 0.0975405491749247, 0.10125694775972306, 0.09984556142777991, 0.0975569595701516, 0.10242720714731747], [0.10095569505283222, 0.10046092934559502, 0.10090163213236417, 0.09852064209603148, 0.09797740945307265, 0.09889586731256912, 0.10010921767204072, 0.10117653468014863, 0.0981298716025915, 0.1028722006527512], [0.09949508287874174, 0.10051525598905141, 0.10204850646498201, 0.09956136523488546, 0.09825344986156768, 0.09792878256696223, 0.10032793115176289, 0.10071457028078715, 0.09866879642962634, 0.10248625914162851], [0.10059442023262974, 0.09976619193458426, 0.10161791248203748, 0.09965655272151457, 0.09855026801492327, 0.09765713698218927, 0.09984474908043207, 0.10086080995765499, 0.09824572503187576, 0.10320623356216216], [0.09984323653645961, 0.09967712675150724, 0.10152391915213088, 0.10010239453265787, 0.09752832278979018, 0.09599524513659789, 0.10119617269949786, 0.10142723512055264, 0.09965997694218175, 0.10304637033862797], [0.10043876900516299, 0.09939886826600379, 0.10215758415242106, 0.09948585583736791, 0.09850058201606138, 0.09731469712375605, 0.10051850925779407, 0.10184745036723486, 0.09806094778333105, 0.10227673619086455], [0.10048194529225596, 0.09982642292207353, 0.10227358628971275, 0.09961893979231935, 0.09867700594700358, 0.09721286180828612, 0.10072101196635252, 0.10022566535611667, 0.09888757345851218, 0.10207498716736482], [0.1006451211570564, 0.10013343474742344, 0.1013712913020134, 0.09846009249286276, 0.09817808326325823, 0.09721315918255818, 0.10142099275219314, 0.10032108025270582, 0.09940384988647244, 0.10285289496345436], [0.09954930226164294, 0.09956316777779407, 0.10077091807445397, 0.09961402861543123, 0.09958720560224651, 0.09730764170268638, 0.10093485951311205, 0.09974360223873621, 0.09884370392726909, 0.10408557028662556], [0.09972303275256024, 0.09959485991553156, 0.10030045057701167, 0.09885228539399679, 0.09810840674684226, 0.09843409417290673, 0.10135365822490924, 0.10033110471248265, 0.09855918100202922, 0.10474292650173199], [0.09938213931238427, 0.1001323379081456, 0.10204407026504575, 0.09921824792114181, 0.09799894291400514, 0.09769877386999684, 0.10083237646687691, 0.10092226469469419, 0.09832889527227727, 0.10344195137543447], [0.09964041861931472, 0.1002684503325324, 0.10120390019434856, 0.09942213299093496, 0.09762203272433967, 0.0986338418312528, 0.10056471817597831, 0.10122392224293973, 0.09746356283075587, 0.10395702005760257], [0.09946626291384691, 0.09925908812562168, 0.10186528387939413, 0.09862502286269899, 0.09774428373544959, 0.09727252547958641, 0.10134298640108164, 0.10263139910632524, 0.09822454314448797, 0.10356860435150737], [0.09921776162901912, 0.0998570977282037, 0.10096790693016754, 0.10039728003499068, 0.09729193321402564, 0.09742268637692983, 0.10098352067966232, 0.10235556493069323, 0.0976401371091271, 0.10386611136718117], [0.09931575679809135, 0.09975788925296436, 0.101651864357534, 0.0977369888681135, 0.09775168117579104, 0.09867082523462291, 0.10152897843909697, 0.10159989691831535, 0.09854491794114678, 0.10344120101432265], [0.10020306619144231, 0.10086568080850074, 0.10193520434523845, 0.09788772293461338, 0.09802190036975308, 0.09694475692026264, 0.10119580169811183, 0.10150652020981729, 0.09787313146283641, 0.10356621505942046], [0.10013100836329929, 0.09952366205702547, 0.10105100898040671, 0.09932760271475417, 0.09804350457439091, 0.09728709552874513, 0.10107291525827189, 0.10162952231507028, 0.09858446682257745, 0.10334921338545794], [0.10132922397188411, 0.10036227040546164, 0.1004849981792033, 0.09951705187671363, 0.09803213607668086, 0.09749758565106766, 0.10112271921576269, 0.10088732742823074, 0.09814158454636181, 0.10262510264863038], [0.09986474857087872, 0.1002396524699789, 0.10071320013328894, 0.09940391786904486, 0.0979399966764754, 0.0978409949325058, 0.10053702196945549, 0.10145208378586149, 0.0986028458020304, 0.10340553779048237], [0.09921537637930068, 0.10006093785338496, 0.10011044049248313, 0.09998514144682151, 0.0974869301528204, 0.0966214959088683, 0.10102402546976127, 0.1029071162201364, 0.09857058417062782, 0.10401795190579387], [0.09986457837824173, 0.09947343597679752, 0.10054753588324224, 0.09852711493615605, 0.09773286289898017, 0.09877907413106247, 0.10209982107383596, 0.10114894766718827, 0.09862729019311076, 0.10319933886138674], [0.0990214361209617, 0.10020249674551802, 0.10221597848175365, 0.09898157721228211, 0.09741835411177734, 0.09790563649686512, 0.10148289674164145, 0.1016100307752961, 0.09869643220883981, 0.1024651611050672], [0.09907168076519761, 0.1010950426786708, 0.10179730049989469, 0.09864214391333022, 0.09776262367696358, 0.09799905677777682, 0.10206561207536423, 0.10105786697292751, 0.09797098226124348, 0.10253769037863388], [0.10039878898767476, 0.10009457083155467, 0.10112569427416056, 0.09980255029876992, 0.09740690288287336, 0.09887764914061585, 0.1010303618600946, 0.10076289569986939, 0.09721585120015194, 0.10328473482423539], [0.10127831437070754, 0.10070129424010568, 0.10127884463705665, 0.09953905543358121, 0.09773305019485602, 0.09827114136921943, 0.09932878152353736, 0.10030179977848765, 0.09773755949390261, 0.10383015895854901], [0.10003554641853624, 0.10087097567260744, 0.10139432648693347, 0.0993339325227906, 0.09848081199249666, 0.09695728912586106, 0.10050399274358054, 0.1018607615212699, 0.0979513148283704, 0.10261104868755695], [0.10065892668625608, 0.10033316796873702, 0.10254662214753318, 0.09897070157582585, 0.09764330419494205, 0.09848198127406256, 0.10004421580670786, 0.09998842793307808, 0.09794194709333404, 0.10339070531951887], [0.09994747074520008, 0.10142974870087172, 0.10096638227002107, 0.09875170512748864, 0.09770949680181233, 0.09794617397412991, 0.10087074196391257, 0.10126720868339714, 0.09766317013131268, 0.10344790160185492], [0.09995064952798333, 0.10026633139450043, 0.10232227232427651, 0.09964211003681796, 0.0976587312513287, 0.09774482577522654, 0.10130438944772699, 0.10008175991064557, 0.09833195161191263, 0.10269697871958249], [0.09961533435515817, 0.10058160157648821, 0.10184424814542477, 0.0981129650167951, 0.09819618109177829, 0.0986855417895613, 0.10135628973535075, 0.10157841154860217, 0.09661407527432611, 0.10341535146651339], [0.09957980756360163, 0.10017285702750328, 0.10198173414258357, 0.09915812869765617, 0.09840178509123211, 0.09831719793311265, 0.09978277361604035, 0.10227397244255491, 0.09730359199075142, 0.10302815149496006], [0.09876998152445997, 0.09997305625666313, 0.10106616537386406, 0.09905163417496596, 0.09828083507363476, 0.09827815566137665, 0.10067637645930907, 0.10236881899501857, 0.0987985636101588, 0.10273641287054676], [0.10000723115518116, 0.09960832507268247, 0.10150549826142372, 0.0996411782237428, 0.09758123404138258, 0.09718744956220904, 0.100764650721058, 0.10255842348324239, 0.09833095946317241, 0.10281505001590836], [0.09984305071318302, 0.10075457759786985, 0.10275937195107125, 0.09882717901844777, 0.09747956633207434, 0.09631544641009004, 0.1000337005060646, 0.10319820239622625, 0.0986252067152076, 0.10216369835976948], [0.09898405649599613, 0.09996475894780225, 0.10122909397124381, 0.09978684481268846, 0.09728755614708158, 0.09797105263468976, 0.09994955412301111, 0.10275103412056806, 0.09864327227575868, 0.10343277647115644], [0.09992085243383034, 0.10025114010331489, 0.10192214486082805, 0.09916372590170734, 0.09816286826078335, 0.09787199707186799, 0.09931851356692206, 0.10144208919791407, 0.09859368295242199, 0.10335298565041384], [0.10027997864855183, 0.09939951999250925, 0.10046247304796861, 0.09956541553294053, 0.09779812806817997, 0.09847742728317938, 0.10016001959979023, 0.10356949991026118, 0.098470887697342, 0.10181665021928182], [0.09886542904539124, 0.10069843544687818, 0.10130019621525238, 0.09938984149076313, 0.09699460388544043, 0.09727529019154721, 0.10057566411064549, 0.1037246154971236, 0.09824017344997578, 0.10293575066698184], [0.09982270735699907, 0.10049296215878158, 0.10168317263157672, 0.0988875202698983, 0.0974944369165693, 0.09803179134094137, 0.1003747779846804, 0.10283244545827873, 0.09788867641024195, 0.10249150947203133], [0.10093214615133762, 0.10011997831191286, 0.10060306296293742, 0.09948518365608065, 0.0976748323263792, 0.09824709708612668, 0.10042265813841145, 0.10153488857971002, 0.09867841503148557, 0.10230173775561605], [0.10022788256746651, 0.10071956867832162, 0.10127366422934378, 0.09846568233909928, 0.0960792158664367, 0.09838312309069534, 0.10104394075460871, 0.10191908095280883, 0.09779511560951078, 0.10409272591170554], [0.09997735462240476, 0.0995589259534977, 0.1008248709224127, 0.09939451148921244, 0.09749435695719297, 0.09767327736125653, 0.10063507927435564, 0.10321787790058871, 0.09762293161941382, 0.10360081389966334], [0.09955955122635014, 0.10117209908580972, 0.10102357283787873, 0.09879946317361711, 0.09721009531941756, 0.09734190804843303, 0.10069953583983916, 0.10156486200744848, 0.09826014092712157, 0.10436877153408602], [0.1014473260173335, 0.09993086868345366, 0.10144891531456697, 0.09871172930044275, 0.09768789722312181, 0.09694755716780694, 0.09992293275877955, 0.10188280593957151, 0.09897071364624933, 0.10304925394867609], [0.10061631806206288, 0.10027471959236281, 0.10143334954549779, 0.09937651535239024, 0.09742824207502646, 0.09731535462288071, 0.10126179275420548, 0.10148104851516027, 0.0981101791688021, 0.10270248031161185], [0.10029534242767509, 0.10065085169606608, 0.10152067212626939, 0.09952646702535774, 0.09706961857609354, 0.09683469402522041, 0.10069589866485541, 0.10207206297702343, 0.09774202773209299, 0.10359236474935339], [0.0999469932815116, 0.10024871097022228, 0.10101981491417451, 0.09954537736344882, 0.0971891339329904, 0.09692478160623219, 0.10077494093004415, 0.10204746428826175, 0.09833488896611747, 0.10396789374699994], [0.10019878916664984, 0.10150134543553116, 0.10086657195043905, 0.09991115198321274, 0.09767049866124637, 0.09708492182088925, 0.10068425562480814, 0.10172958023399122, 0.09783412987667227, 0.10251875524656075], [0.1007777260083618, 0.10066711519665889, 0.10259266334588223, 0.09874776002324069, 0.09851697301644358, 0.09741894669189959, 0.0999427517999018, 0.10080109551994912, 0.09710309098251241, 0.10343187741515256], [0.1001129054376358, 0.099888087572645, 0.10174255391529347, 0.09808272789814804, 0.09865498042155045, 0.09739967635928078, 0.10156377465120896, 0.1012219793483016, 0.09729820164470152, 0.10403511275123635], [0.09992222425324428, 0.10002446401106635, 0.10033556675880562, 0.09911339074573454, 0.0980795587801732, 0.09782668818040126, 0.10163471716297817, 0.10121480905197289, 0.09743055247810833, 0.10441802857751578], [0.10051749211027168, 0.10043357021178288, 0.10071357815566581, 0.09986104054215651, 0.09752964043959926, 0.09799589342339024, 0.10061816547519555, 0.10165361714677314, 0.09738089783082766, 0.10329610466433115], [0.10053486821331171, 0.10070418765546661, 0.1026758798240385, 0.0986759989789561, 0.0978894778173761, 0.09713307568225849, 0.10028124369753212, 0.10229537617173289, 0.09728661038734514, 0.10252328157198737], [0.10023049899008113, 0.09991883268871242, 0.10172582227767694, 0.09844158162769068, 0.09695613019836011, 0.09868671460209347, 0.10053475491817224, 0.10169126834386862, 0.09804337404970617, 0.1037710223036382], [0.10116214628861708, 0.1003244441235812, 0.10085708095838807, 0.09933484167974939, 0.09736195167054612, 0.09628649567351595, 0.10151102875835712, 0.09971651248914157, 0.09991222413519818, 0.10353327422290409], [0.09965887455724368, 0.10005014545087479, 0.10190293159946204, 0.09963092268746844, 0.09785384938606156, 0.09969013559544185, 0.10033962475006136, 0.10048004512581847, 0.09730719542624273, 0.10308627542132538], [0.09980106101325527, 0.1008765470737044, 0.10207414660457297, 0.09902329349862597, 0.09724409758723211, 0.09827534031967856, 0.10042909277968833, 0.10105269924937132, 0.09732202021109888, 0.10390170166